XGB
---------------
\hline
\multirow{6}{*}{AID}
& KNN & 83.0347 & 0.9987 & 0.0833 & 0.9996 & 0.1111 & 0.1667 & 0.0833 & 0.5415 & 0.0462 \\
\hline
---------------
Optimal params: {'n_neighbors': 1}
TPR vector: 
0.0, 0.0833333333333, 1.0, 
FPR vector: 
0.0, 0.000418585182085, 1.0, 
==================================
& NB & 830.3472 & 0.3599 & 0.8333 & 0.3594 & 0.0026 & 0.0013 & 0.8333 & 0.5964 & 22.1097 \\
\hline
---------------
Optimal params: N/A
TPR vector: 
0.0, 0.833333333333, 1.0, 
FPR vector: 
0.0, 0.640602762662, 1.0, 
==================================
& LR & 0.0000 & 0.9990 & 0.0000 & 1.0000 & 0.0000 & 0.0000 & 0.0000 & 0.4147 & 0.0347 \\
\hline
---------------
Optimal params: 0.0001
TPR vector: 
0.0, 0.0, 0.0, 0.0833333333333, 0.0833333333333, 0.166666666667, 0.166666666667, 0.25, 0.25, 0.333333333333, 0.333333333333, 0.416666666667, 0.416666666667, 0.5, 0.5, 0.583333333333, 0.583333333333, 0.666666666667, 0.666666666667, 0.666666666667, 0.666666666667, 0.75, 0.75, 0.833333333333, 0.833333333333, 0.916666666667, 0.916666666667, 1.0, 1.0, 
FPR vector: 
0.0, 8.37170364169e-05, 0.188363331938, 0.188363331938, 0.288572624529, 0.288572624529, 0.321975722059, 0.321975722059, 0.399497697781, 0.399497697781, 0.523650062788, 0.523650062788, 0.543742151528, 0.543742151528, 0.570280452072, 0.570280452072, 0.705567182922, 0.705567182922, 0.766513185433, 0.766680619506, 0.824947676852, 0.824947676852, 0.849476768522, 0.849476768522, 0.882628714943, 0.882628714943, 0.925073252407, 0.925073252407, 1.0, 
==================================
& MLP & 0.0000 & 0.9990 & 0.0000 & 1.0000 & 0.0000 & 0.0000 & 0.0000 & 0.8057 & 0.0347 \\
\hline
---------------
Optimal params: {'n_hidden': 1, 'optimizer': 'sgd', 'output_dim': 3}
TPR vector: 
0.0, 0.0, 0.0, 0.0833333333333, 0.0833333333333, 0.166666666667, 0.166666666667, 0.25, 0.25, 0.333333333333, 0.333333333333, 0.416666666667, 0.416666666667, 0.5, 0.5, 0.583333333333, 0.583333333333, 0.666666666667, 0.666666666667, 0.666666666667, 0.666666666667, 0.75, 0.75, 0.75, 0.75, 0.75, 0.75, 0.75, 0.75, 0.75, 0.75, 0.75, 0.75, 0.75, 0.75, 0.833333333333, 0.833333333333, 0.833333333333, 0.833333333333, 0.833333333333, 0.833333333333, 0.833333333333, 0.833333333333, 0.833333333333, 0.833333333333, 0.916666666667, 0.916666666667, 0.916666666667, 0.916666666667, 0.916666666667, 0.916666666667, 0.916666666667, 0.916666666667, 0.916666666667, 0.916666666667, 0.916666666667, 0.916666666667, 1.0, 1.0, 
FPR vector: 
0.0, 8.37170364169e-05, 0.00786940142319, 0.00786940142319, 0.0123064043533, 0.0123064043533, 0.0172457095019, 0.0172457095019, 0.0187526161574, 0.0187526161574, 0.0221850146505, 0.0221850146505, 0.0444537463374, 0.0444537463374, 0.0633737965676, 0.0633737965676, 0.0669736291335, 0.0669736291335, 0.0714943491, 0.0716617831729, 0.151611552951, 0.151611552951, 0.16098786103, 0.161155295103, 0.241021347844, 0.241188781917, 0.241523650063, 0.241691084136, 0.340142318962, 0.340309753035, 0.389116785266, 0.389284219339, 0.417161992465, 0.417329426538, 0.42779405609, 0.42779405609, 0.436500627878, 0.436668061951, 0.445960652993, 0.446128087066, 0.562745918794, 0.562913352867, 0.573043114274, 0.573210548347, 0.596818752616, 0.596818752616, 0.725073252407, 0.72524068648, 0.771201339473, 0.771368773545, 0.779573043114, 0.779740477187, 0.790874843031, 0.791042277103, 0.878945165341, 0.879112599414, 0.902720803684, 0.902720803684, 1.0, 
==================================
& XGB & 166.0694 & 0.9990 & 0.1667 & 0.9998 & 0.2500 & 0.5000 & 0.1667 & 0.8795 & 0.0347 \\
\hline
---------------
Optimal params: {'max_depth': 8, 'objective': 'binary:logistic', 'reg_alpha': 0.66666666666666663, 'reg_lambda': 0.0}
TPR vector: 
0.0, 0.0, 0.0, 0.25, 0.25, 0.333333333333, 0.333333333333, 0.416666666667, 0.416666666667, 0.5, 0.5, 0.583333333333, 0.583333333333, 0.666666666667, 0.666666666667, 0.75, 0.75, 0.75, 0.75, 0.75, 0.75, 0.75, 0.75, 0.75, 0.75, 0.833333333333, 0.833333333333, 0.833333333333, 0.833333333333, 0.833333333333, 0.833333333333, 0.833333333333, 0.833333333333, 0.833333333333, 0.833333333333, 0.833333333333, 0.833333333333, 0.833333333333, 0.833333333333, 0.833333333333, 0.833333333333, 0.833333333333, 0.833333333333, 0.833333333333, 0.833333333333, 0.916666666667, 0.916666666667, 0.916666666667, 0.916666666667, 0.916666666667, 0.916666666667, 0.916666666667, 0.916666666667, 0.916666666667, 0.916666666667, 0.916666666667, 0.916666666667, 0.916666666667, 0.916666666667, 0.916666666667, 0.916666666667, 0.916666666667, 0.916666666667, 0.916666666667, 0.916666666667, 0.916666666667, 0.916666666667, 0.916666666667, 0.916666666667, 0.916666666667, 0.916666666667, 0.916666666667, 0.916666666667, 0.916666666667, 0.916666666667, 0.916666666667, 0.916666666667, 0.916666666667, 0.916666666667, 0.916666666667, 0.916666666667, 0.916666666667, 0.916666666667, 0.916666666667, 0.916666666667, 0.916666666667, 0.916666666667, 0.916666666667, 0.916666666667, 0.916666666667, 0.916666666667, 0.916666666667, 0.916666666667, 0.916666666667, 0.916666666667, 0.916666666667, 0.916666666667, 0.916666666667, 0.916666666667, 0.916666666667, 0.916666666667, 0.916666666667, 0.916666666667, 0.916666666667, 0.916666666667, 0.916666666667, 0.916666666667, 0.916666666667, 0.916666666667, 0.916666666667, 0.916666666667, 0.916666666667, 0.916666666667, 0.916666666667, 0.916666666667, 0.916666666667, 0.916666666667, 0.916666666667, 0.916666666667, 0.916666666667, 0.916666666667, 0.916666666667, 0.916666666667, 0.916666666667, 0.916666666667, 0.916666666667, 0.916666666667, 0.916666666667, 0.916666666667, 0.916666666667, 0.916666666667, 0.916666666667, 0.916666666667, 0.916666666667, 0.916666666667, 0.916666666667, 0.916666666667, 0.916666666667, 0.916666666667, 0.916666666667, 0.916666666667, 0.916666666667, 0.916666666667, 0.916666666667, 0.916666666667, 0.916666666667, 0.916666666667, 1.0, 1.0, 1.0, 1.0, 1.0, 1.0, 1.0, 1.0, 1.0, 1.0, 1.0, 1.0, 1.0, 1.0, 1.0, 1.0, 1.0, 1.0, 1.0, 1.0, 1.0, 1.0, 1.0, 1.0, 1.0, 1.0, 
FPR vector: 
0.0, 8.37170364169e-05, 0.000167434072834, 0.000167434072834, 0.000502302218501, 0.000502302218501, 0.00393470071159, 0.00393470071159, 0.00895772289661, 0.00895772289661, 0.019673503558, 0.019673503558, 0.0255336961072, 0.0255336961072, 0.0762662201758, 0.0762662201758, 0.07710339054, 0.0772708246128, 0.088154039347, 0.0883214734198, 0.123650062788, 0.123817496861, 0.151276684805, 0.151611552951, 0.155127668481, 0.155127668481, 0.162243616576, 0.162411050649, 0.164169108414, 0.164336542486, 0.172289660946, 0.172457095019, 0.175136040184, 0.175303474257, 0.194474675596, 0.194642109669, 0.237421515278, 0.237588949351, 0.238760987861, 0.238928421934, 0.262536626203, 0.262704060276, 0.26705734617, 0.267224780243, 0.282628714943, 0.282628714943, 0.300293009627, 0.3004604437, 0.316199246547, 0.31636668062, 0.324403516116, 0.324570950188, 0.333026370866, 0.333193804939, 0.358308915864, 0.358476349937, 0.421180410213, 0.421347844286, 0.425031393889, 0.425198827961, 0.427542904981, 0.427710339054, 0.482210129761, 0.482377563834, 0.50280452072, 0.502971954793, 0.510422771034, 0.510590205107, 0.525910422771, 0.526077856844, 0.528589367936, 0.528756802009, 0.547509418167, 0.547676852239, 0.56073670992, 0.560904143993, 0.567266638761, 0.567434072834, 0.57873587275, 0.578903306823, 0.584596065299, 0.584763499372, 0.607199665132, 0.607367099205, 0.608120552532, 0.608287986605, 0.611971536208, 0.61213897028, 0.631561322729, 0.631728756802, 0.647718710758, 0.64788614483, 0.651653411469, 0.651820845542, 0.656090414399, 0.656257848472, 0.658853076601, 0.659020510674, 0.662452909167, 0.662704060276, 0.667978233571, 0.668145667643, 0.679112599414, 0.679280033487, 0.680703223106, 0.680870657179, 0.686395981582, 0.686563415655, 0.690330682294, 0.690498116367, 0.697614064462, 0.697781498535, 0.703139388866, 0.703306822938, 0.735537881959, 0.735705316032, 0.746169945584, 0.746337379657, 0.759397237338, 0.759564671411, 0.779405609041, 0.779573043114, 0.783256592717, 0.783424026789, 0.788112180829, 0.788279614902, 0.795395562997, 0.79556299707, 0.796149016325, 0.796316450398, 0.802260359983, 0.802427794056, 0.809711176224, 0.809878610297, 0.816910841356, 0.817078275429, 0.821347844286, 0.821515278359, 0.83248221013, 0.832649644203, 0.847634993721, 0.847802427794, 0.848639598158, 0.848807032231, 0.850732524069, 0.850899958141, 0.873084972792, 0.873084972792, 0.885726245291, 0.885893679364, 0.893595646714, 0.893763080787, 0.896525742989, 0.896693177062, 0.906320636249, 0.906488070322, 0.932524068648, 0.932691502721, 0.934365843449, 0.934533277522, 0.936291335287, 0.93645876936, 0.954792800335, 0.954960234408, 0.982838007535, 0.983005441607, 0.990623691921, 0.990791125994, 0.995144411888, 0.995311845961, 0.998493093344, 0.998660527417, 1.0, 
==================================
& RF & 0.0000 & 0.9990 & 0.0000 & 1.0000 & 0.0000 & 0.0000 & 0.0000 & 0.8791 & 0.0347 \\
\hline
---------------
Optimal params: {'criterion': 'entropy', 'max_depth': 3, 'max_features': None, 'min_samples_split': 2}
TPR vector: 
0.0, 0.0, 0.0, 0.0833333333333, 0.0833333333333, 0.166666666667, 0.166666666667, 0.25, 0.25, 0.25, 0.25, 0.333333333333, 0.333333333333, 0.416666666667, 0.416666666667, 0.5, 0.5, 0.5, 0.5, 0.583333333333, 0.583333333333, 0.583333333333, 0.583333333333, 0.583333333333, 0.583333333333, 0.583333333333, 0.583333333333, 0.583333333333, 0.583333333333, 0.583333333333, 0.583333333333, 0.583333333333, 0.583333333333, 0.583333333333, 0.583333333333, 0.666666666667, 0.666666666667, 0.666666666667, 0.666666666667, 0.75, 0.75, 0.75, 0.75, 0.75, 0.75, 0.75, 0.75, 0.75, 0.75, 0.75, 0.75, 0.75, 0.75, 0.833333333333, 0.833333333333, 0.833333333333, 0.833333333333, 0.833333333333, 0.833333333333, 0.833333333333, 0.833333333333, 0.833333333333, 0.833333333333, 0.833333333333, 0.833333333333, 0.833333333333, 0.833333333333, 0.833333333333, 0.833333333333, 0.833333333333, 0.833333333333, 0.833333333333, 0.833333333333, 0.833333333333, 0.833333333333, 0.833333333333, 0.833333333333, 0.833333333333, 0.833333333333, 0.833333333333, 0.833333333333, 0.833333333333, 0.833333333333, 0.833333333333, 0.916666666667, 0.916666666667, 0.916666666667, 0.916666666667, 0.916666666667, 0.916666666667, 0.916666666667, 0.916666666667, 0.916666666667, 0.916666666667, 0.916666666667, 0.916666666667, 0.916666666667, 0.916666666667, 0.916666666667, 0.916666666667, 0.916666666667, 0.916666666667, 0.916666666667, 0.916666666667, 0.916666666667, 0.916666666667, 0.916666666667, 0.916666666667, 0.916666666667, 0.916666666667, 0.916666666667, 0.916666666667, 0.916666666667, 0.916666666667, 0.916666666667, 0.916666666667, 0.916666666667, 0.916666666667, 0.916666666667, 0.916666666667, 0.916666666667, 0.916666666667, 0.916666666667, 0.916666666667, 0.916666666667, 0.916666666667, 0.916666666667, 0.916666666667, 0.916666666667, 0.916666666667, 0.916666666667, 0.916666666667, 0.916666666667, 0.916666666667, 0.916666666667, 0.916666666667, 0.916666666667, 0.916666666667, 0.916666666667, 0.916666666667, 0.916666666667, 0.916666666667, 0.916666666667, 0.916666666667, 1.0, 1.0, 1.0, 1.0, 1.0, 1.0, 1.0, 1.0, 1.0, 1.0, 1.0, 1.0, 1.0, 1.0, 1.0, 1.0, 1.0, 1.0, 1.0, 1.0, 1.0, 1.0, 1.0, 1.0, 1.0, 1.0, 1.0, 1.0, 1.0, 1.0, 1.0, 1.0, 1.0, 1.0, 1.0, 1.0, 1.0, 1.0, 1.0, 1.0, 1.0, 1.0, 1.0, 1.0, 1.0, 1.0, 1.0, 1.0, 1.0, 1.0, 1.0, 1.0, 1.0, 1.0, 1.0, 1.0, 1.0, 1.0, 1.0, 1.0, 1.0, 1.0, 1.0, 1.0, 1.0, 1.0, 1.0, 1.0, 1.0, 1.0, 1.0, 1.0, 1.0, 1.0, 1.0, 1.0, 1.0, 1.0, 1.0, 1.0, 1.0, 1.0, 1.0, 1.0, 1.0, 1.0, 1.0, 1.0, 1.0, 1.0, 1.0, 1.0, 1.0, 1.0, 1.0, 1.0, 1.0, 1.0, 1.0, 1.0, 1.0, 1.0, 1.0, 1.0, 1.0, 1.0, 1.0, 1.0, 1.0, 1.0, 1.0, 1.0, 1.0, 1.0, 1.0, 1.0, 1.0, 1.0, 1.0, 1.0, 1.0, 1.0, 1.0, 1.0, 1.0, 1.0, 1.0, 1.0, 1.0, 1.0, 1.0, 1.0, 1.0, 1.0, 1.0, 1.0, 1.0, 1.0, 1.0, 1.0, 1.0, 1.0, 1.0, 1.0, 1.0, 1.0, 1.0, 1.0, 1.0, 1.0, 1.0, 1.0, 1.0, 1.0, 1.0, 1.0, 1.0, 1.0, 1.0, 1.0, 1.0, 1.0, 1.0, 1.0, 1.0, 1.0, 1.0, 1.0, 1.0, 1.0, 1.0, 1.0, 1.0, 1.0, 1.0, 1.0, 1.0, 1.0, 1.0, 1.0, 1.0, 1.0, 1.0, 1.0, 1.0, 1.0, 1.0, 1.0, 1.0, 1.0, 1.0, 1.0, 1.0, 1.0, 1.0, 1.0, 1.0, 1.0, 1.0, 1.0, 1.0, 1.0, 1.0, 1.0, 1.0, 1.0, 1.0, 1.0, 1.0, 1.0, 1.0, 1.0, 1.0, 1.0, 1.0, 1.0, 1.0, 1.0, 1.0, 1.0, 1.0, 1.0, 1.0, 1.0, 1.0, 1.0, 1.0, 1.0, 1.0, 1.0, 1.0, 1.0, 1.0, 1.0, 1.0, 1.0, 1.0, 1.0, 1.0, 1.0, 1.0, 1.0, 1.0, 1.0, 1.0, 1.0, 1.0, 1.0, 1.0, 1.0, 1.0, 1.0, 1.0, 1.0, 1.0, 1.0, 1.0, 1.0, 1.0, 1.0, 1.0, 1.0, 1.0, 1.0, 1.0, 1.0, 1.0, 1.0, 1.0, 1.0, 1.0, 1.0, 1.0, 1.0, 1.0, 1.0, 1.0, 1.0, 1.0, 1.0, 1.0, 1.0, 1.0, 1.0, 1.0, 1.0, 1.0, 1.0, 1.0, 1.0, 1.0, 1.0, 1.0, 1.0, 1.0, 1.0, 1.0, 1.0, 1.0, 1.0, 1.0, 1.0, 1.0, 1.0, 1.0, 1.0, 1.0, 1.0, 1.0, 1.0, 1.0, 1.0, 1.0, 1.0, 1.0, 1.0, 1.0, 1.0, 1.0, 1.0, 1.0, 1.0, 1.0, 1.0, 1.0, 1.0, 1.0, 1.0, 1.0, 1.0, 1.0, 1.0, 1.0, 1.0, 1.0, 1.0, 1.0, 1.0, 1.0, 1.0, 1.0, 1.0, 1.0, 1.0, 1.0, 1.0, 1.0, 1.0, 1.0, 1.0, 1.0, 1.0, 1.0, 1.0, 1.0, 1.0, 1.0, 1.0, 1.0, 1.0, 1.0, 1.0, 1.0, 1.0, 1.0, 1.0, 1.0, 1.0, 1.0, 1.0, 1.0, 1.0, 1.0, 1.0, 1.0, 1.0, 1.0, 1.0, 1.0, 1.0, 1.0, 1.0, 1.0, 1.0, 1.0, 1.0, 1.0, 1.0, 1.0, 1.0, 1.0, 1.0, 1.0, 1.0, 1.0, 1.0, 1.0, 1.0, 1.0, 1.0, 1.0, 1.0, 1.0, 1.0, 1.0, 1.0, 1.0, 1.0, 1.0, 1.0, 1.0, 1.0, 1.0, 1.0, 1.0, 1.0, 1.0, 1.0, 1.0, 1.0, 1.0, 1.0, 1.0, 1.0, 1.0, 1.0, 1.0, 1.0, 1.0, 1.0, 1.0, 1.0, 1.0, 1.0, 1.0, 1.0, 1.0, 1.0, 1.0, 1.0, 1.0, 1.0, 1.0, 1.0, 1.0, 1.0, 1.0, 1.0, 1.0, 1.0, 1.0, 1.0, 1.0, 1.0, 1.0, 1.0, 1.0, 1.0, 1.0, 1.0, 1.0, 1.0, 1.0, 1.0, 1.0, 1.0, 1.0, 1.0, 1.0, 1.0, 1.0, 1.0, 1.0, 1.0, 1.0, 1.0, 1.0, 1.0, 1.0, 1.0, 1.0, 1.0, 1.0, 1.0, 1.0, 1.0, 1.0, 1.0, 1.0, 1.0, 1.0, 1.0, 1.0, 1.0, 1.0, 1.0, 1.0, 1.0, 1.0, 1.0, 1.0, 1.0, 1.0, 1.0, 1.0, 1.0, 1.0, 1.0, 1.0, 1.0, 1.0, 1.0, 1.0, 1.0, 1.0, 1.0, 1.0, 1.0, 1.0, 1.0, 1.0, 1.0, 1.0, 1.0, 1.0, 1.0, 1.0, 1.0, 1.0, 1.0, 1.0, 1.0, 1.0, 1.0, 1.0, 1.0, 1.0, 1.0, 1.0, 1.0, 1.0, 1.0, 1.0, 1.0, 1.0, 1.0, 1.0, 1.0, 1.0, 1.0, 1.0, 1.0, 1.0, 1.0, 1.0, 1.0, 1.0, 1.0, 1.0, 1.0, 1.0, 1.0, 1.0, 1.0, 1.0, 1.0, 1.0, 1.0, 1.0, 1.0, 1.0, 1.0, 
FPR vector: 
0.0, 8.37170364169e-05, 0.00234407701967, 0.00234407701967, 0.00343239849309, 0.00343239849309, 0.00401841774801, 0.00401841774801, 0.0049393051486, 0.00519045625785, 0.00946002511511, 0.00946002511511, 0.0102134784429, 0.0102134784429, 0.011050648807, 0.011050648807, 0.0181665969025, 0.0183340309753, 0.0203432398493, 0.0203432398493, 0.0269568857262, 0.0271243197991, 0.0272917538719, 0.0275429049812, 0.050397655923, 0.0505650899958, 0.0717455002093, 0.0719129342821, 0.0850565089996, 0.0852239430724, 0.101213897028, 0.101381331101, 0.10933444956, 0.109501883633, 0.111427375471, 0.111427375471, 0.118208455421, 0.118375889494, 0.12289660946, 0.12289660946, 0.122980326496, 0.123147760569, 0.148346588531, 0.148514022604, 0.153118459607, 0.153285893679, 0.161071578066, 0.161239012139, 0.18786102972, 0.188028463792, 0.197572205944, 0.197739640017, 0.240351611553, 0.240351611553, 0.240519045626, 0.261532021766, 0.261699455839, 0.263959815823, 0.264127249895, 0.271578066136, 0.271745500209, 0.283549602344, 0.283717036417, 0.284386772708, 0.284554206781, 0.284637923817, 0.28480535789, 0.31963164504, 0.319799079113, 0.322645458351, 0.322812892424, 0.325910422771, 0.326077856844, 0.327835914609, 0.328003348681, 0.33084972792, 0.331100879029, 0.331268313102, 0.331519464211, 0.348095437422, 0.348262871494, 0.350020929259, 0.350188363332, 0.358392632901, 0.358392632901, 0.376475512767, 0.37664294684, 0.381749686061, 0.381917120134, 0.386605274173, 0.386772708246, 0.387023859355, 0.387191293428, 0.389116785266, 0.389284219339, 0.390037672666, 0.390205106739, 0.393972373378, 0.394139807451, 0.395646714106, 0.395814148179, 0.398660527417, 0.39882796149, 0.399162829636, 0.399330263709, 0.410297195479, 0.410464629552, 0.412222687317, 0.41239012139, 0.415152783591, 0.415320217664, 0.418752616157, 0.41892005023, 0.419673503558, 0.419840937631, 0.445123482629, 0.445290916702, 0.449141900377, 0.449393051486, 0.467224780243, 0.467392214316, 0.474843030557, 0.47501046463, 0.475094181666, 0.475512766848, 0.47593135203, 0.476098786103, 0.485642528254, 0.485809962327, 0.487902888238, 0.488070322311, 0.502971954793, 0.503139388866, 0.504562578485, 0.504730012558, 0.509669317706, 0.509836751779, 0.523231477606, 0.523398911679, 0.548262871494, 0.548514022604, 0.555546253663, 0.555797404772, 0.556634575136, 0.556634575136, 0.558308915864, 0.558476349937, 0.574215152784, 0.574382586856, 0.577898702386, 0.578066136459, 0.581665969025, 0.581833403098, 0.583340309753, 0.583507743826, 0.601255755546, 0.601423189619, 0.606864796986, 0.607032231059, 0.610380912516, 0.610548346589, 0.613980745082, 0.614148179154, 0.615487651737, 0.61565508581, 0.623105902051, 0.623273336124, 0.625282544998, 0.625533696107, 0.629803264964, 0.629970699037, 0.634072833822, 0.634240267895, 0.641691084136, 0.641858518208, 0.647718710758, 0.64788614483, 0.651653411469, 0.651820845542, 0.657178735873, 0.657346169946, 0.65910422771, 0.659271661783, 0.661197153621, 0.661364587694, 0.663373796568, 0.66354123064, 0.663959815823, 0.664127249895, 0.664629552114, 0.664796986187, 0.665550439514, 0.665717873587, 0.666555043951, 0.666722478024, 0.66940142319, 0.669736291335, 0.670992046882, 0.671159480954, 0.671745500209, 0.671996651319, 0.673001255756, 0.673252406865, 0.683298451235, 0.683465885308, 0.683968187526, 0.684135621599, 0.687568020092, 0.687735454165, 0.689912097112, 0.690079531185, 0.695521138552, 0.695688572625, 0.697697781499, 0.697865215571, 0.701297614064, 0.701465048137, 0.707408957723, 0.707576391796, 0.711176224362, 0.711343658434, 0.713017999163, 0.713185433236, 0.715110925073, 0.715278359146, 0.716952699874, 0.717120133947, 0.719715362076, 0.719882796149, 0.720719966513, 0.720887400586, 0.723650062788, 0.723817496861, 0.724487233152, 0.724654667225, 0.72498953537, 0.725156969443, 0.726580159062, 0.726747593135, 0.734868145668, 0.73503557974, 0.735119296777, 0.73528673085, 0.735370447886, 0.735537881959, 0.742486395982, 0.742653830054, 0.743491000419, 0.743658434491, 0.746588530766, 0.746755964839, 0.749853495186, 0.750020929259, 0.758894935119, 0.759062369192, 0.760066973629, 0.760401841775, 0.761992465467, 0.76215989954, 0.763917957304, 0.764085391377, 0.765843449142, 0.766010883215, 0.768020092089, 0.768187526162, 0.768271243198, 0.768438677271, 0.769945583926, 0.770280452072, 0.771368773545, 0.771536207618, 0.77547090833, 0.775638342403, 0.779740477187, 0.77990791126, 0.780075345333, 0.780242779406, 0.780661364588, 0.780828798661, 0.782168271243, 0.782335705316, 0.784930933445, 0.785098367518, 0.786019254918, 0.786186688991, 0.787944746756, 0.788112180829, 0.788530766011, 0.788698200084, 0.790874843031, 0.791042277103, 0.791712013395, 0.791879447468, 0.793721222269, 0.793888656342, 0.793972373378, 0.794139807451, 0.798409376308, 0.798576810381, 0.800920887401, 0.801088321473, 0.813227291754, 0.813394725827, 0.814817915446, 0.814985349519, 0.817161992465, 0.817329426538, 0.81774801172, 0.817915445793, 0.818836333194, 0.819003767267, 0.821347844286, 0.821682712432, 0.824696525743, 0.824863959816, 0.827961490163, 0.828128924236, 0.828798660527, 0.8289660946, 0.829049811637, 0.82921724571, 0.830807869401, 0.831142737547, 0.833068229385, 0.833235663458, 0.835328589368, 0.835579740477, 0.835998325659, 0.836165759732, 0.836668061951, 0.836835496023, 0.837002930096, 0.837170364169, 0.837756383424, 0.837923817497, 0.840686479699, 0.841021347844, 0.84135621599, 0.841523650063, 0.841858518208, 0.842025952281, 0.843114273755, 0.843281707828, 0.845960652993, 0.846128087066, 0.847969861867, 0.84813729594, 0.848304730013, 0.848555881122, 0.849644202595, 0.849895353704, 0.851151109251, 0.851318543324, 0.852071996651, 0.852239430724, 0.854834658853, 0.855002092926, 0.855420678108, 0.855588112181, 0.855922980326, 0.856174131436, 0.858685642528, 0.858853076601, 0.859020510674, 0.859187944747, 0.861113436584, 0.861280870657, 0.862452909167, 0.86262034324, 0.86379238175, 0.863959815823, 0.864127249895, 0.864294683968, 0.866387609879, 0.866638760988, 0.866722478024, 0.866889912097, 0.86940142319, 0.869987442445, 0.870908329845, 0.871410632064, 0.872080368355, 0.872247802428, 0.872582670573, 0.872750104646, 0.873168689828, 0.873336123901, 0.873503557974, 0.873754709083, 0.873922143156, 0.874508162411, 0.874675596484, 0.874926747593, 0.875261615739, 0.875512766848, 0.876098786103, 0.876266220176, 0.876433654249, 0.876601088321, 0.876852239431, 0.877019673504, 0.877354541649, 0.877521975722, 0.877773126831, 0.877940560904, 0.878024277941, 0.878191712013, 0.878610297195, 0.879280033487, 0.87944746756, 0.879614901632, 0.879866052742, 0.88036835496, 0.880619506069, 0.880786940142, 0.880870657179, 0.881121808288, 0.881372959397, 0.882042695689, 0.882210129761, 0.882377563834, 0.882628714943, 0.882796149016, 0.883549602344, 0.883717036417, 0.88388447049, 0.884051904563, 0.884554206781, 0.884721640854, 0.884972791963, 0.885307660109, 0.885558811218, 0.885726245291, 0.886395981582, 0.886563415655, 0.886647132692, 0.886814566764, 0.887065717874, 0.887568020092, 0.887735454165, 0.88924236082, 0.889409794893, 0.889660946003, 0.889828380075, 0.896190874843, 0.896442025952, 0.897781498535, 0.898032649644, 0.898283800753, 0.898451234826, 0.898786102972, 0.898953537045, 0.899623273336, 0.899790707409, 0.900209292591, 0.900376726664, 0.900544160737, 0.900795311846, 0.901799916283, 0.901967350356, 0.902720803684, 0.902888237756, 0.902971954793, 0.903139388866, 0.904981163667, 0.905316031812, 0.905734616995, 0.905902051067, 0.906739221432, 0.906906655504, 0.908329845123, 0.908497279196, 0.911176224362, 0.911511092507, 0.91167852658, 0.911845960653, 0.912431979908, 0.912599413981, 0.91285056509, 0.913101716199, 0.913771452491, 0.913938886563, 0.914859773964, 0.915027208037, 0.915696944328, 0.915864378401, 0.916785265802, 0.917036416911, 0.917203850984, 0.917371285057, 0.919380493931, 0.91963164504, 0.923064043533, 0.923315194642, 0.924403516116, 0.924570950188, 0.925408120553, 0.925575554625, 0.926077856844, 0.92641272499, 0.926915027208, 0.927166178317, 0.927835914609, 0.928338216827, 0.93059857681, 0.931352030138, 0.931603181247, 0.932189200502, 0.932356634575, 0.932524068648, 0.932858936794, 0.93294265383, 0.933110087903, 0.933696107158, 0.933863541231, 0.934198409376, 0.934365843449, 0.934868145668, 0.93503557974, 0.935537881959, 0.935705316032, 0.936291335287, 0.93645876936, 0.937714524906, 0.937881958979, 0.939053997488, 0.939221431561, 0.939305148598, 0.939556299707, 0.93972373378, 0.940309753035, 0.940393470071, 0.940560904144, 0.940812055253, 0.941063206362, 0.941732942654, 0.941900376727, 0.942151527836, 0.942402678945, 0.942570113018, 0.943909585601, 0.944411887819, 0.944663038928, 0.944914190038, 0.945667643365, 0.945835077438, 0.945918794475, 0.946337379657, 0.946672247802, 0.946839681875, 0.947090832985, 0.947258267057, 0.947593135203, 0.947760569276, 0.947928003349, 0.950020929259, 0.950188363332, 0.951025533696, 0.951192967769, 0.952030138133, 0.952197572206, 0.953285893679, 0.953788195898, 0.95420678108, 0.954374215153, 0.955127668481, 0.95537881959, 0.955546253663, 0.955797404772, 0.955881121808, 0.956048555881, 0.956885726245, 0.957053160318, 0.957220594391, 0.957388028464, 0.958978652156, 0.959229803265, 0.959397237338, 0.959564671411, 0.95981582252, 0.959983256593, 0.960401841775, 0.96073670992, 0.961322729175, 0.961490163248, 0.961992465467, 0.962327333612, 0.962662201758, 0.963164503977, 0.963248221013, 0.963415655086, 0.963583089159, 0.963750523231, 0.963917957304, 0.964085391377, 0.964587693596, 0.965006278778, 0.965173712851, 0.966178317288, 0.966513185433, 0.96659690247, 0.966764336542, 0.966931770615, 0.967099204688, 0.967350355797, 0.967768940979, 0.967936375052, 0.968354960234, 0.96868982838, 0.969192130599, 0.969275847635, 0.96986186689, 0.970029300963, 0.970615320218, 0.97078275429, 0.971117622436, 0.971285056509, 0.971368773545, 0.971619924655, 0.971703641691, 0.971871075764, 0.972540812055, 0.972791963165, 0.973043114274, 0.973210548347, 0.973294265383, 0.973461699456, 0.974131435747, 0.97429886982, 0.974717455002, 0.974968606111, 0.975052323148, 0.975219757221, 0.97547090833, 0.975638342403, 0.975805776476, 0.975973210548, 0.97664294684, 0.976810380913, 0.976894097949, 0.977312683131, 0.97781498535, 0.977982419422, 0.978066136459, 0.978401004604, 0.978568438677, 0.978903306823, 0.979154457932, 0.979489326078, 0.979740477187, 0.980075345333, 0.980242779406, 0.981247383843, 0.981414817915, 0.981582251988, 0.981749686061, 0.98200083717, 0.98225198828, 0.982419422352, 0.982586856425, 0.982754290498, 0.982921724571, 0.983340309753, 0.983507743826, 0.983675177899, 0.984010046044, 0.984093763081, 0.98434491419, 0.984763499372, 0.984847216409, 0.985014650481, 0.986270406028, 0.9864378401, 0.98668899121, 0.986856425283, 0.987107576392, 0.987275010465, 0.987526161574, 0.987777312683, 0.987944746756, 0.988614483047, 0.98878191712, 0.988865634157, 0.98995395563, 0.990121389703, 0.990874843031, 0.99112599414, 0.991460862285, 0.992130598577, 0.993051485977, 0.99321892005, 0.993386354123, 0.993553788196, 0.993637505232, 0.993804939305, 0.993888656342, 0.994307241524, 0.99439095856, 0.994642109669, 0.994976977815, 0.995060694851, 0.995311845961, 0.99556299707, 0.995897865216, 0.996065299288, 0.996149016325, 0.996400167434, 0.99648388447, 0.997153620762, 0.997488488907, 0.998074508162, 0.998325659272, 0.999079112599, 0.999330263709, 0.999497697781, 1.0, 
==================================
